960
940
900
880
880
870
880
910
880
930
900
890
900
910
870
860
860
850
840
810
840
840
830
830
840
830
850
840
870
850
860
880
880
890
850
920
890
920
890
870
880
920
870
900
900
890
890
890
920
860
880
900
890
880
870
910
910
880
860
850
910
870
870
870
920
880
900
860
880
880
900
860
870
880
890
870
870
880
890
900
880
880
880
860
860
870
910
920
910
870
840
840
910
900
830
810
830
820
840
740
930
830
850
820
850
820
850
860
870
830
830
840
810
810
780
820
830
860
860
860
850
880
880
870
880
890
860
890
880
870
890
860
880
870
870
910
890
900
870
900
890
860
880
910
880
860
880
890
880
840
860
890
880
920
920
930
920
890
920
890
930
900
870
900
860
910
870
880
890
890
860
910
890
900
900
910
870
910
890
930
890
930
930
920
900
940
920
960
940
900
930
930
940
900
900
920
890
900
930
910
900
870
920
920
920
930
920
940
910
930
870
930
900
880
900
920
940
900
920
890
850
860
860
840
830
820
820
800
790
810
780
840
810
870
840
870
840
850
870
850
800
870
830
920
870
860
800
830
790
780
790
810
790
790
780
760
780
750
780
750
750
730
730
740
740
700
730
710
710
690
700
720
680
700
720
750
760
810
810
790
780
760
760
740
760
730
750
750
800
810
820
820
800
810
790
800
780
810
770
790
780
780
770
780
790
810
820
850
890
900
880
850
840
820
840
810
820
800
790
800
800
810
800
820
860
880
840
860
850
860
840
850
840
820
800
810
780
790
760
770
760
740
720
720
750
740
770
780
790
810
770
750
750
750
750
770
770
800
810
790
800
790
810
820
840
820
840
850
870
830
830
810
820
820
810
790
780
800
800
800
790
820
800
790
770
780
790
800
820
810
810
780
810
780
790
770
780
750
780
740
730
750
750
760
760
760
750
770
800
760
770
750
760
740
760
770
740
790
810
820
810
810
810
800
810
800
800
810
810
810
800
790
750
760
740
750
790
790
830
810
810
810
820
820
800
800
800
810
760
810
770
780
800
800
840
870
870
870
880
850
820
780
790
790
790
790
790
730
780
740
760
760
750
760
750
760
760
750
760
730
740
740
740
770
780
810
850
850
860
820
770
790
750
800
780
810
760
840
860
860
850
850
780
770
760
740
760
770
810
790
810
790
810
800
780
790
770
790
770
790
760
740
800
790
820
830
830
780
810
810
840
830
840
840
830
810
810
790
800
760
750
770
740
740
730
740
720
710
710
710
710
710
710
740
750
750
730
780
760
770
770
770
740
740
760
740
760
760
760
680
820
740
710
730
700
710
740
710
730
720
720
730
690
730
700
710
730
690
720
670
710
690
690
700
690
690
700
700
700
690
680
690
690
700
690
710
710
710
730
720
740
750
760
760
730
760
740
710
